Position 5e-5 7.494329434795039e-6 5e-5
Position 5e-5 2.4943294347950385e-6 5e-5
Position 5e-5 7.488658869586926e-6 5e-5
Position 5e-5 2.488776431601649e-6 5e-5
Position 5e-5 7.483050805158125e-6 5e-5
Position 5e-5 2.4833142663528056e-6 5e-5
Position 5e-5 7.4775336761744165e-6 5e-5
Position 5e-5 2.477948640211627e-6 5e-5
Position 5e-5 7.472127053818917e-6 5e-5
Position 5e-5 2.4726942942096355e-6 5e-5
Position 5e-5 7.466848578631864e-6 5e-5
Position 5e-5 2.4675682670965364e-6 5e-5
Position 5e-5 7.4617156591827425e-6 5e-5
Position 5e-5 2.462588045102833e-6 5e-5
Position 5e-5 7.456745764857328e-6 5e-5
Position 5e-5 2.4577709982253006e-6 5e-5
Position 5e-5 7.4519563405624625e-6 5e-5
Position 5e-5 2.4531341450984057e-6 5e-5
Position 5e-5 7.447364621638676e-6 5e-5
Position 5e-5 2.4486939988792363e-6 5e-5
Position 5e-5 7.442987428064908e-6 5e-5
Position 5e-5 2.444466431321269e-6 5e-5
Position 5e-5 7.438840962156669e-6 5e-5
Position 5e-5 2.4404665407060468e-6 5e-5
Position 5e-5 7.434940617897107e-6 5e-5
Position 5e-5 2.436708522255195e-6 5e-5
Position 5e-5 7.431300805022257e-6 5e-5
Position 5e-5 2.433205543011688e-6 5e-5
Position 5e-5 7.427934789338853e-6 5e-5
Position 5e-5 2.429969623836618e-6 5e-5
Position 5e-5 7.4248545502043725e-6 5e-5
Position 5e-5 2.427011531033558e-6 5e-5
Position 5e-5 7.422070655903428e-6 5e-5
Position 5e-5 2.424340679755534e-6 5e-5
Position 5e-5 7.419592157553178e-6 5e-5
Position 5e-5 2.4219650509464966e-6 5e-5
Position 5e-5 7.417426502070179e-6 5e-5
Position 5e-5 2.4198911231748924e-6 5e-5
Position 5e-5 7.415579464601808e-6 5e-5
Position 5e-5 2.418123820346414e-6 5e-5
Position 5e-5 7.414055100661685e-6 5e-5
Position 5e-5 2.4166664759383623e-6 5e-5
Position 5e-5 7.41285571801505e-6 5e-5
Position 5e-5 2.4155208140779816e-6 5e-5
Position 5e-5 7.411981868145069e-6 5e-5
Position 5e-5 2.4146869474901294e-6 5e-5
Position 5e-5 7.411432356903931e-6 5e-5
Position 5e-5 2.4141633920650588e-6 5e-5
Position 5e-5 7.411204273722321e-6 5e-5
Position 5e-5 2.4139470975451372e-6 5e-5
Position 5e-5 7.411293038525781e-6 5e-5
Position 5e-5 2.4140334936009406e-6 5e-5
Position 5e-5 7.411692465293871e-6 5e-5
Position 5e-5 2.4144165503637183e-6 5e-5
Position 5e-5 7.412394841004173e-6 5e-5
Position 5e-5 2.4150888523041956e-6 5e-5
Position 5e-5 7.413391018533189e-6 5e-5
Position 5e-5 2.4160416841985245e-6 5e-5
Position 5e-5 7.414670521944063e-6 5e-5
Position 5e-5 2.4172651278020677e-6 5e-5
Position 5e-5 7.416221662479852e-6 5e-5
Position 5e-5 2.4187481677613926e-6 5e-5
Position 5e-5 7.418031663502646e-6 5e-5
Position 5e-5 2.420478805234756e-6 5e-5
Position 5e-5 7.420086792574233e-6 5e-5
Position 5e-5 2.422444177661331e-6 5e-5
Position 5e-5 7.422372498863319e-6 5e-5
Position 5e-5 2.4246306831189066e-6 5e-5
Position 5e-5 7.424873554086805e-6 5e-5
Position 5e-5 2.4270241077378408e-6 5e-5
Position 5e-5 7.427574195247086e-6 5e-5
Position 5e-5 2.4296097546943527e-6 5e-5
Position 5e-5 7.430458267511803e-6 5e-5
Position 5e-5 2.4323725733873483e-6 5e-5
Position 5e-5 7.433509365694893e-6 5e-5
Position 5e-5 2.435297287508383e-6 5e-5
Position 5e-5 7.436710972935738e-6 5e-5
Position 5e-5 2.43836852084277e-6 5e-5
Position 5e-5 7.440046595334682e-6 5e-5
Position 5e-5 2.44157091979041e-6 5e-5
Position 5e-5 7.4434998914862e-6 5e-5
Position 5e-5 2.444889271767783e-6 5e-5
Position 5e-5 7.44705479605489e-6 5e-5
Position 5e-5 2.4483086188492853e-6 5e-5
Position 5e-5 7.450695636764536e-6 5e-5
Position 5e-5 2.451814366230946e-6 5e-5
Position 5e-5 7.454407244419696e-6 5e-5
Position 5e-5 2.4553923853607844e-6 5e-5
Position 5e-5 7.458175055859049e-6 5e-5
Position 5e-5 2.45902911189298e-6 5e-5
Position 5e-5 7.461985210062706e-6 5e-5
Position 5e-5 2.462711639015025e-6 5e-5
Position 5e-5 7.465824638024688e-6 5e-5
Position 5e-5 2.466427807217345e-6 5e-5
Position 5e-5 7.469681147497766e-6 5e-5
Position 5e-5 2.4701662923144116e-6 5e-5
Position 5e-5 7.4735435043954474e-6 5e-5
Position 5e-5 2.4739166946597607e-6 5e-5
Position 5e-5 7.4774015136356276e-6 5e-5
Position 5e-5 2.4776696343801177e-6 5e-5
Position 5e-5 7.4812461038112565e-6 5e-5
Position 5e-5 2.4814168608650996e-6 5e-5
Position 5e-5 7.485069422868799e-6 5e-5
Position 5e-5 2.4851513915671706e-6 5e-5
Position 5e-5 7.488864957347315e-6 5e-5
Position 5e-5 2.488867710524754e-6 5e-5
Position 5e-5 7.492627699307528e-6 5e-5
Position 5e-5 2.4925620975719896e-6 5e-5
Position 5e-5 7.49635441409171e-6 5e-5
Position 5e-5 2.4962332946362494e-6 5e-5
Position 5e-5 7.500044152973239e-6 5e-5
Position 5e-5 2.499884400846491e-6 5e-5
Position 5e-5 7.50369957911139e-6 5e-5
Position 5e-5 2.5035437643309546e-6 5e-5
Position 5e-5 7.507338931060094e-6 5e-5
Position 5e-5 2.507219201998563e-6 5e-5
Position 5e-5 7.510979747976641e-6 5e-5
Position 5e-5 2.5108931746920263e-6 5e-5
Position 5e-5 7.51462457594872e-6 5e-5
Position 5e-5 2.514563136323655e-6 5e-5
Position 5e-5 7.518272920654138e-6 5e-5
Position 5e-5 2.518229581215642e-6 5e-5
Position 5e-5 7.521923901077823e-6 5e-5
Position 5e-5 2.5218933903830595e-6 5e-5
Position 5e-5 7.525576773106666e-6 5e-5
Position 5e-5 2.5255553079390167e-6 5e-5
Position 5e-5 7.529230984346938e-6 5e-5
Position 5e-5 2.5292158862772425e-6 5e-5
Position 5e-5 7.532886139517623e-6 5e-5
Position 5e-5 2.5328755206787534e-6 5e-5
Position 5e-5 7.536541959034704e-6 5e-5
Position 5e-5 2.536534490727565e-6 5e-5
Position 5e-5 7.540198245897477e-6 5e-5
Position 5e-5 2.5401929934243827e-6 5e-5
Position 5e-5 7.543854861469295e-6 5e-5
Position 5e-5 2.5438511674058528e-6 5e-5
Position 5e-5 7.547511708227021e-6 5e-5
Position 5e-5 2.5475091101951127e-6 5e-5
Position 5e-5 7.551168717578038e-6 5e-5
Position 5e-5 2.5511668903847785e-6 5e-5
Position 5e-5 7.554825841280138e-6 5e-5
Position 5e-5 2.5548245562170588e-6 5e-5
Position 5e-5 7.558483045404372e-6 5e-5
Position 5e-5 2.5584821416209023e-6 5e-5
Position 5e-5 7.562140306088488e-6 5e-5
Position 5e-5 2.5621396704585613e-6 5e-5
Position 5e-5 7.565797606550177e-6 5e-5
Position 5e-5 2.5657971595123453e-6 5e-5
Position 5e-5 7.569454934986456e-6 5e-5
Position 5e-5 2.5694546205852378e-6 5e-5
Position 5e-5 7.573112283096297e-6 5e-5
Position 5e-5 2.573112061978265e-6 5e-5
Position 5e-5 7.5767696450415986e-6 5e-5
Position 5e-5 2.5767694895295292e-6 5e-5
Position 5e-5 7.58042701671643e-6 5e-5
Position 5e-5 2.5804269073449616e-6 5e-5
Position 5e-5 7.5840843952330935e-6 5e-5
Position 5e-5 2.584084318312259e-6 5e-5
Position 5e-5 7.587741778560675e-6 5e-5
Position 5e-5 2.5877417244623364e-6 5e-5
Position 5e-5 7.591399165270835e-6 5e-5
Position 5e-5 2.5913991272235326e-6 5e-5
Position 5e-5 7.5950565543590235e-6 5e-5
Position 5e-5 2.5950565276003976e-6 5e-5
Position 5e-5 7.598713945118742e-6 5e-5
Position 5e-5 2.59871392629943e-6 5e-5
Position 5e-5 7.6023713370531114e-6 5e-5
Position 5e-5 2.6023713238175097e-6 5e-5
Position 5e-5 7.606028729812676e-6 5e-5
Position 5e-5 2.6060287205040914e-6 5e-5
Position 5e-5 7.609686123151664e-6 5e-5
Position 5e-5 2.609686116604947e-6 5e-5
Position 5e-5 7.613343516897225e-6 5e-5
Position 5e-5 2.6133435122929268e-6 5e-5
Position 5e-5 7.617000910927794e-6 5e-5
Position 5e-5 2.6170009076895963e-6 5e-5
Position 5e-5 7.620658305157875e-6 5e-5
Position 5e-5 2.620658302880453e-6 5e-5
Position 5e-5 7.624315699527335e-6 5e-5
Position 5e-5 2.6243156979256267e-6 5e-5
Position 5e-5 7.627973093993887e-6 5e-5
Position 5e-5 2.627973092867407e-6 5e-5
Position 5e-5 7.631630488527787e-6 5e-5
Position 5e-5 2.6316304877355355e-6 5e-5
Position 5e-5 7.63528788310812e-6 5e-5
Position 5e-5 2.63528788255093e-6 5e-5
Position 5e-5 7.638945277720172e-6 5e-5
Position 5e-5 2.6389452773283016e-6 5e-5
Position 5e-5 7.642602672353599e-6 5e-5
Position 5e-5 2.6426026720779968e-6 5e-5
Position 5e-5 7.646260067001123e-6 5e-5
Position 5e-5 2.6462600668072924e-6 5e-5
Position 5e-5 7.649917461657626e-6 5e-5
Position 5e-5 2.649917461521306e-6 5e-5
Position 5e-5 7.653574856319511e-6 5e-5
Position 5e-5 2.6535748562236363e-6 5e-5
Position 5e-5 7.657232250984244e-6 5e-5
Position 5e-5 2.6572322509168154e-6 5e-5
Position 5e-5 7.660889645650046e-6 5e-5
Position 5e-5 2.660889645602623e-6 5e-5