0 0.00000000007906086056013242 0.000010827379401358273 0.0000000001331152467901784 1 -0.000002395440522820083
0 0.000000000594558424059843 0.00002276308951603612 0.00000000013311558989412766 1 -0.000005286324479791157
0 0.0000000011099396196795949 0.00003386722829489311 0.00000000013311593292239624 1 -0.000008129245550037587
0 0.0000000016251477250788047 0.000046253578710624797 0.00000000013311627583722871 1.0727062421632059 -0.00001084598214353628
0 0.0000000021401194677636744 0.000059989337603572456 0.0000000001331166185965102 1.08791091409779 -0.000013408309074467464
0 0.000000002654784682370884 0.0000750079427034051 0.00000000013311696115353625 1.0943266502634172 -0.00001580623829385522
0 0.0000000031690666501583975 0.00009122822512675155 0.00000000013311730345724014 1.09619366269664 -0.00001803663400710347
0 0.000000003682882514200684 0.00010857363345795476 0.0000000001331176454524679 1.0955416039482628 -0.00002009941705494508
0 0.0000000041961436703249165 0.00012697522509903103 0.00000000013311798708023927 1.0934447302390025 -0.000021995976615156823
0 0.000000004708756118663527 0.00014637123840212244 0.00000000013311832827798107 1.0905093813653195 -0.000023728430859552396
0 0.000000005220620780024398 0.0001667059985184718 0.0000000001331186689797386 1.087093610594569 -0.00002529925674866237
0 0.000000005731633779463945 0.00018792882833072315 0.00000000013311900911636342 1.0834158683516815 -0.000026711095367909505
0 0.000000006241686705845111 0.0002099931167335206 0.00000000013311934861568672 1.0796125415603288 -0.000027966646540690766
0 0.00000000675066684976554 0.0002328555567465313 0.00000000013311968740267655 1.0757700480673908 -0.00002906861121918778
0 0.0000000072584574246263925 0.000256475530861454 0.0000000001331200253995856 1.0719435057484028 -0.00003001966044633959
0 0.000000007764937773877597 0.00028081461588157805 0.00000000013312036252608965 1.068167974770707 -0.00003082241951321791
0 0.00000000826998356774633 0.00030583618268052276 0.00000000013312069869941766 1.0644654266212679 -0.00003147946096626367
0 0.000000008773466990397421 0.0003315050709178865 0.0000000001331210338344761 1.0608491714213173 -0.000031993302810445755
0 0.000000009275256919070649 0.00035778732312200304 0.00000000013312136784396914 1.0573267296172641 -0.00003236640975149332
0 0.000000009775219097878356 0.00038464996615527746 0.00000000013312170063851356 1.0539017277319545 -0.000032601196179424426
0 0.000000010273216306127837 0.00041206083068898695 0.00000000013312203212675068 1.0505751686928517 -0.000032700030100516374
0 0.00000001076910852268638 0.00043998840149914284 0.0000000001331223622154559 1.0473462936035298 -0.00003266523753057685
0 0.000000011262753087256348 0.00046840169296176465 0.0000000001331226908096463 1.044213172249 -0.00003249910704916645
0 0.000000011754004857720017 0.0004972701452406104 0.00000000013312301781268505 1.0411731109210924 -0.00003220389433057669
0 0.000000012242716367592832 0.0005265635378721508 0.00000000013312334312638658 1.038222935422003 -0.00003178182654224368
0 0.00000001272873797922118 0.0005562519176782872 0.0000000001331236666511181 1.0353591882673578 -0.000031235106545068193
0 0.00000001321191803738673 0.0005863055390147476 0.00000000013312398828590182 1.0325782658409648 -0.000030565916862980886
0 0.000000013692103021338683 0.0006166948144061943 0.00000000013312430792851705 1.0298765136158778 -0.000029776423405372314
0 0.000000014169137695308138 0.0006473902740686765 0.00000000013312462547559871 1.0272502916981454 -0.000028868778938997636
0 0.000000014642865260025345 0.0006783625332494865 0.0000000001331249408227394 1.024696019220884 -0.000027845126313654837
0 0.000000015113127501716192 0.0007095822661385301 0.00000000013312525386458844 1.0222102038581657 -0.00002670760144895748
0 0.000000015579764942833408 0.0007410201857772475 0.00000000013312556449495247 1.0197894604972515 -0.00002545833609393719
0 0.000000016042616990971734 0.0007726470290196674 0.00000000013312587260689425 1.017430522395856 -0.000024099460370541704
0 0.000000016501522089084134 0.0008044335461513739 0.00000000013312617809283193 1.0151302468154508 -0.000022633105114099182
0 0.000000016956317864071698 0.0008363504944551388 0.00000000013312648084463973 1.012885616906847 -0.00002106140402259892
0 0.000000017406841276647496 0.0008683686354845461 0.00000000013312678075374606 1.0106937408226835 -0.000019386495627278544
0 0.000000017852928770658314 0.0009004587355442809 0.0000000001331270777112336 1.0085518490307743 -0.000017610525095565203
0 0.000000018294416422487718 0.0009325915690932436 0.00000000013312737160793965 1.0064572903616193 -0.000015735645877311074
0 0.000000018731140089944115 0.0009647379247417214 0.00000000013312766233455391 1.0044075272629014 -0.00001376402120444608
0 0.000000019162935561989076 0.0009968686136926552 0.00000000013312794978171844 1.0024001305267196 -0.000011697825453448787
0 0.0000000195896387076525 0.0010289544802851546 0.0000000001331282338401282 1.0004327737976464 -0.000009539245379265612
0 0.000000020011085624812262 0.0010609664144925145 0.00000000013312851440062833 0.998503227962635 -0.0000072904812288872255
0 0.000000020427112789082272 0.0010928753662186718 0.00000000013312879135431404 0.9966093555506159 -0.000004953747741968439
0 0.000000020837557201751865 0.0011246523611536418 0.00000000013312906459263023 0.9947491052528653 -0.0000025312750454911942
0 0.000000021242256538863595 0.0011562685182077215 0.0000000001331293340074687 0.9929205065429396 -0.00000002530944851471732
0 0.000000021641049297688956 0.0011876950681011767 0.00000000013312959949126742 0.9911216645681551 0.00000256188585661636
0 0.000000022033774943773293 0.0012189033732360097 0.0000000001331298609371079 0.9893507551699726 0.000005228030181383354
0 0.000000022420274058062043 0.0012498649487053038 0.0000000001331301182388133 0.9876060201327304 0.000007970824811785728
0 0.000000022800388481424884 0.0012805514841197254 0.00000000013313037129104445 0.9858857627092505 0.00001078795255725633
0 0.000000023173961459965926 0.0013109348664284454 0.000000000133130619989397 0.9841883432869426 0.000013677077374163284
0 0.00000002354083778832814 0.0013409872034185017 0.00000000013313086423049656 0.9825121753255878 0.000016635844059346823
0 0.000000023900863952076206 0.0013706808478947457 0.00000000013313110391209407 0.9808557214724895 0.00001966187801008988
0 0.00000002425388826907647 0.0013999884224540884 0.00000000013313133893315992 0.9792174898716072 0.00002275278504710221
0 0.000000024599761029467457 0.0014288828447438467 0.00000000013313156919397693 0.9775960306621426 0.000025906151297173255
0 0.000000024938334633733007 0.0014573373530889456 0.00000000013313179459623253 0.9759899326557276 0.000029119543132193815
0 0.000000025269463729718326 0.0014853255324893406 0.00000000013313201504310988 0.9743978201541099 0.00003239050716204888
0 0.000000025593005347125273 0.001512821340794931 0.0000000001331322304393773 0.972818349941378 0.00003571657027806364
0 0.000000025908819031058954 0.001539799135128389 0.00000000013313244069147842 0.9712502083791571 0.00003909523974520851
0 0.000000026216766972565666 0.0015662336983149091 0.00000000013313264570761802 0.9696921086643979 0.00004252400333970952
0 0.000000026516714137734274 0.001592100265394515 0.00000000013313284539784856 0.9681427881678026 0.00004600032953055011
0 0.00000002680852839400576 0.001617374550039887 0.00000000013313303967415433 0.9666010058990168 0.000049521667702062676
0 0.00000002709208063461253 0.001642032770903969 0.000000000133133228450534 0.9650655400447742 0.000053085448416114364
0 0.000000027367244899412745 0.0016660516776875745 0.00000000013313341164308187 0.9635351856191734 0.0000566890837108516
0 0.000000027633898494504924 0.001689408577086515 0.000000000133133589170067 0.9620087521410831 0.00006032996743572695
0 0.000000027891922107180483 0.0017120813582573793 0.00000000013313376095201027 0.9604850614357058 0.00006400547561876037
0 0.00000002814119991954812 0.0017340485180511905 0.0000000001331339269117599 0.958962945427837 0.00006771296686657634
0 0.000000028381619718092447 0.0017552891857193606 0.00000000013313408697456466 0.9574412440291957 0.00007144978279379956
0 0.000000028613073000820265 0.0017757831471943884 0.00000000013313424106814474 0.955918803031495 0.00007521324848144724
0 0.000000028835455079555044 0.0017955108686758107 0.00000000013313438912276066 0.9543944720691122 0.00007900067296081946
0 0.000000029048665180550883 0.001814453519768051 0.00000000013313453107128004 0.9528671025455059 0.00008280934972403062
0 0.000000029252606540525715 0.0018325929958614058 0.00000000013313466684924152 0.951335545622632 0.00008663655725754171
0 0.00000002944718649852034 0.0018499119397507452 0.00000000013313479639491646 0.9497986502047429 0.00009047955959740734
0 0.000000029632316585534836 0.0018663937626345408 0.000000000133134919649368 0.9482552608855224 0.00009433560690687779
0 0.000000029807912608418707 0.0018820226641281415 0.00000000013313503655650762 0.9467042159429666 0.00009820193607179719
0 0.00000002997389473105051 0.0018967836515378926 0.00000000013313514706314895 0.9451443452614673 0.00010207577131533872
0 0.000000030130187551072286 0.0019106625582000784 0.00000000013313525111905877 0.9435744682562197 0.00010595432482935801
0 0.000000030276720171582396 0.0019236460607948568 0.00000000013313534867700548 0.9419933917693782 0.00010983479742035295
0 0.00000003041342626990107 0.0019357216958038874 0.00000000013313543969280437 0.9403999078861272 0.00011371437917118253
0 0.00000003054024416069808 0.0019468778748267137 0.00000000013313552412535968 0.9387927917421228 0.00011759025011452624
0 0.00000003065711685592198 0.0019571038989596133 0.00000000013313560193670476 0.9371707992269018 0.00012145958091966769
0 0.00000003076399211849527 0.0019663899719233845 0.0000000001331356730920381 0.935532664663998 0.00012531953358797929
0 0.000000030860822512973705 0.0019747272122208302 0.00000000013313573755975664 0.9338770983545425 0.00012916726215973873
0 0.00000003094756545067622 0.0019821076640655845 0.0000000001331357953114863 0.9322027840688794 0.00013299991342837435
0 0.00000003102418323058646 0.001988524307186994 0.00000000013313584632210887 0.9305083764104821 0.000136814627662626
0 0.00000003109064307507724 0.0019939710654032798 0.00000000013313589056978613 0.9287924980775005 0.00014060853933441976
0 0.00000003114691716083742 0.0019984428139841384 0.00000000013313592803598023 0.9270537369860854 0.00014437877785186218
0 0.00000003119298264508247 0.0020019353857977373 0.00000000013313595870547145 0.9252906432468588 0.00014812246829650052
0 0.0000000312288216869675 0.0020044455762236297 0.0000000001331359825663722 0.9235017259817937 0.00015183673216380788
0 0.00000003125442146390445 0.002005971146794317 0.00000000013313599961013813 0.9216854499677021 0.00015551868810550093
0 0.00000003126977418281074 0.0020065108275616065 0.00000000013313600983157559 0.9198402320822284 0.00015916545267272196
0 0.00000003127487708685841 0.0020060643182383017 0.00000000013313601322884604 0.9179644375243816 0.00016277414106005052
1 0.00000003126973245704619 0.0020046322880480053 0.00000000013313600980346703 1.000238063499029 0.00016737591918761376
1 0.000000031254347608404825 0.002002216374264904 0.00000000013313599956030892 1.0014944207761631 0.0001719892646840523
1 0.00000003122873488205528 0.001998819179563231 0.00000000013313598250759128 1.002754313619812 0.00017661168550967986
1 0.0000000311929116315749 0.0019944442680322597 0.0000000001331359586568732 1.004018841368441 0.00018124069426918762
1 0.000000031146900205053854 0.00198909615999648 0.00000000013313592802304083 1.0052891142848341 0.00018587380886715482
1 0.00000003109072792200165 0.0019827803255689043 0.0000000001331358906242924 1.006566256315933 0.000190508553161877
1 0.00000003102442704513075 0.0019755031769511755 0.00000000013313584648211928 1.0078514079169592 0.0001951424576163299
1 0.000000030948034747722104 0.0019672720595611884 0.00000000013313579562128424 1.0091457289440218 0.00019977305994523772
1 0.00000003086159307638279 0.001958095241984903 0.0000000001331357380697965 1.010450401645239 0.00020439790575726806
1 0.000000030765148908436886 0.0019479819046969563 0.0000000001331356738588834 1.0117666337764608 0.00020901454919112955
1 0.000000030658753905006596 0.0019369421276705747 0.00000000013313560302295924 1.0130956618299096 0.00021362055354458696
1 0.00000003054246445991925 0.0019249868769104412 0.00000000013313552559959103 1.0144387544089444 0.0002182134918955064
1 0.00000003041634164332877 0.0019121279898256802 0.00000000013313544162946094 1.0157972157896804 0.0002227909477136204
1 0.00000003028045114159667 0.0018983781596150562 0.00000000013313535115632623 1.0171723896477223 0.00022735051546229052
1 0.0000000301348631921044 0.0018837509185648414 0.00000000013313525422697575 1.0185656630203312 0.0002318898011889137
1 0.00000002997965251399994 0.0018682606203833999 0.0000000001331351508911842 1.0199784704915076 0.00023640642310312433
1 0.000000029814898235502006 0.00185192242166098 0.0000000001331350412016627 1.0214122986329826 0.00024089801214213793
1 0.000000029640683815810448 0.0018347522623027327 0.0000000001331349252140076 1.022868690775094 0.0002453622125214617
1 0.00000002945709696427893 0.00181676684521874 0.0000000001331348029866465 1.0243492520638318 0.0002497966822709134
1 0.000000029264229554546144 0.001797983615089617 0.00000000013313467458078052 1.0258556549237134 0.00025419909375404504
1 0.000000029062177535739636 0.0017784207364426256 0.0000000001331345400603252 1.0273896448930264 0.00025856713417080177
1 0.000000028851040839695218 0.001758097070977079 0.00000000013313439949184934 1.028953046929372 0.0002628985060420259
1 0.00000002863092328427323 0.0017370321541868249 0.0000000001331342529445097 1.0305477722172283 0.0002671909276747075
1 0.00000002840193247418115 0.0017152461714506854 0.0000000001331341004899852 1.0321758255091176 0.00027144213360781735
1 0.000000028164179697188346 0.0016927599334380582 0.00000000013313394220240768 1.0338393131244468 0.0002756498750364759
1 0.000000027917779818253724 0.0016695948511054634 0.00000000013313377815829167 1.0355404515946645 0.0002798119202148765
1 0.000000027662851170129734 0.001645772910196137 0.000000000133133608436461 1.037281577101162 0.00028392605483618544
1 0.00000002739951544079508 0.001621316645321738 0.00000000013313343311797376 1.039065155763576 0.000287990082388487
1 0.000000027127897558447975 0.0015962491137396615 0.0000000001331332522860463 1.0408937948694232 0.0002920018244862669
1 0.000000026848125574087042 0.0015705938688757657 0.00000000013313306602597395 1.0427702551683542 0.00029595912117653955
1 0.000000026560330540622776 0.0015443749335478435 0.00000000013313287442505126 1.0446974643787799 0.00029985983121765393
1 0.000000026264646390471115 0.0015176167731155196 0.00000000013313267757248997 1.0466785319936138 0.000303701832331233
1 0.000000025961209810517827 0.001490344268508566 0.00000000013313247555933612 1.0487167656033813 0.00030748302142538317
1 0.00000002565016011507712 0.001462582689242468 0.00000000013313226847838435 1.050815688890303 0.0003112013147885772
1 0.000000025331639116925797 0.0014343576664825556 0.00000000013313205642409354 1.0529790615139254 0.0003148546482532314
1 0.00000002500579099606057 0.0014056951661823606 0.00000000013313183949249767 1.0552109011392203 0.00031844097732748117
1 0.00000002467276216728989 0.0013766214624501886 0.00000000013313161778111894 1.05751550785469 0.00032195827729511657
1 0.000000024332701145630227 0.0013471631111138934 0.00000000013313139138887732 1.0598974913414398 0.0003254045432815225
1 0.00000002398575841151265 0.0013173469237159085 0.00000000013313116041600061 1.0623618010978304 0.0003287777902866509
1 0.000000023632086272899408 0.0012871999417545946 0.00000000013313092496393316 1.0649137602457044 0.00033207605318070647
1 0.00000002327183872745473 0.001256749411504992 0.0000000001331306851352436 1.0675591032860774 0.00033529738666467876
1 0.000000022905171323821163 0.0012260227594036665 0.00000000013313044103353222 1.0703040184549548 0.00033843986519376597
1 0.0000000225322410208088 0.0011950475679706894 0.00000000013313019276333798 1.0731551953563954 0.00034150158286090437
1 0.000000022153206046909802 0.0011638515525429906 0.0000000001331299404300439 1.076119878570886 0.00034448065324208963
1 0.000000021768225758674476 0.0011324625387748146 0.0000000001331296841397833 1.0792059282330346 0.0003473752092006414
1 0.000000021377460498518165 0.0011009084410351522 0.00000000013312942399934494 1.082421888610043 0.00035018340264986257
1 0.000000020981071452175768 0.001069217241807005 0.00000000013312916011607799 1.0857770659535941 0.0003529034042732548
1 0.00000002057922050569547 0.0010374169721734713 0.00000000013312889259779657 1.089281617133181 0.00035553340320104146
1 0.000000020172070102242746 0.0010055356935131645 0.0000000001331286215526848 1.0929466508259902 0.0003519374927296076
1 0.000000019759783098931456 0.0009736014805306313 0.0000000001331283470892069 1.0942845792088394 0.0003407605181857209
1 0.000000019342522623221276 0.0009416424057054225 0.00000000013312806931600815 1.092501041296459 0.00032957484199689784
1 0.000000018920451929315112 0.000909686525325204 0.00000000013312778834180843 1.0905729447148054 0.0003183902838638214
1 0.000000018493734255532312 0.0008777618673196029 0.00000000013312750427531581 1.0884854748946124 0.000307216653561861
1 0.0000000180625326802724 0.0008458964208773126 0.00000000013312721722513036 1.0862217529756597 0.0002960637473070594
1 0.000000017627009979903283 0.0008141181282758257 0.00000000013312692729965018 1.0837624709110294 0.000284941344896539
1 0.000000017187328485348402 0.0007824548788885231 0.00000000013312663460697476 1.0810854469203204 0.00027385920761098303
1 0.000000016743649939785204 0.0007509345057792643 0.0000000001331263392548109 1.0781650800150628 0.0002628270770227425
1 0.00000001629613535683149 0.0007195847851013735 0.00000000013312604135037842 1.0749716759718562 0.00025185467478548067
1 0.00000001584494487781021 0.0006884334385094883 0.00000000013312574100031482 1.0714706079490044 0.0002409517034783209
1 0.00000001539023763148079 0.000657508139174007 0.0000000001331254383105812 1.0676212621040342 0.00023012784871090242
1 0.00000001493217159116841 0.0006268365214630485 0.0000000001331251333863688 1.0633757012981122 0.00021939278251206695
1 0.0000000144709034348477 0.0005964461951599047 0.000000000133124826332004 1.0586769538913015 0.00020875616830596662
1 0.000000014006588403464625 0.0005663647644724478 0.00000000013312451725085536 1.0534567987107089 0.0001982276675653567
1 0.00000001353938015980047 0.0005366198526814678 0.00000000013312420624523934 1.0476328623513091 0.0001878169484385137
1 0.000000013069430648013445 0.0005072391332601406 0.00000000013312389341632646 1.0411047637883375 0.0001775336966410492
1 0.000000012596889951526887 0.0004782503683198148 0.00000000013312357886404654 1.0337489158948892 0.00016738762891193516
1 0.000000012121906151811926 0.0004496814557672015 0.00000000013312326268699548 1.0254113955342914 0.0001573885095185205
1 0.00000001164462518554385 0.0004215604865209504 0.00000000013312294498233968 1.0158979743087895 0.00014754617028233264
1 0.000000011165190701080841 0.00039391581371782413 0.00000000013312262584572064 1.004959866427931 0.00013787053480123843
1 0.000000010683743914021143 0.0003667761362341196 0.00000000013312230537115789 0.9922728219947611 0.00012837164768194186
1 0.000000010200423460266558 0.00034017059939769954 0.00000000013312198365095324 0.9774055127133123 0.00011905970978919483
1 0.000000009715365246998862 0.00031412891671205506 0.00000000013312166077558967 0.9597699522998016 0.00010994512084921927
1 0.000000009228702301189657 0.0002886815174833102 0.00000000013312133683363158 0.9385401964899912 0.00010103853111915857
1 0.000000008740564614152877 0.0002638597267148631 0.00000000013312101191162104 0.9125113451745358 0.00009235090435020209
1 0.000000008251078981272612 0.00023969598580378547 0.000000000133120686093971 0.8798365538595834 0.00008389359503132492
1 0.00000000776036883677069 0.00021622412562359114 0.00000000013312035946285574 0.8374855887580407 0.0000756784439682569
1 0.00000000726855408028854 0.0001934797077802177 0.00000000013312003209809527 0.7799589911211122 0.00006771789772307619
1 0.000000006775750895662803 0.00017150045643456576 0.00000000013311970407703402 0.6954502363656192 0.00006002515975209801
1 0.0000000062820715579915525 0.00015032681259968177 0.00000000013311937547441417 0.5478332682776604 0.00005261438440988861
1 0.00000000578762422725641 0.0001300026580588595 0.00000000013311904636223716 -0.3784087930783892 0.000045500930320600824
1 0.000000005292512723892697 0.00011057628024371885 0.00000000013311871680961387 -0.6975480439637748 0.000038701698085301595
1 0.000000004796836282350281 0.00009210169003117032 0.00000000013311838688260196 -0.8978857872055305 0.00003223559151090961
1 0.000000004300689275380963 0.00007464047506405843 0.00000000013311805664402126 -1.0813630366513514 0.00002612416627242045
1 0.00000000380416089877959 0.00005826450117249089 0.00000000013311772615324565 -1.2743330344745762 0.00002039257541037181
1 0.0000000033073348049237217 0.0000430600291113636 0.0000000001331173954659564 -1.4993464919080386 0.00001507101018897726
1 0.0000000028102886616930816 0.0000291343528923481 0.00000000013311706463385213 -1.7930266908394838 0.000010197023512321834
1 0.0000000023130936048390387 0.000016627328933552788 0.00000000013311673370428137 -2.2477694753133486 0.000005819565126743476
1 0.0000000018158135230888009 0.000005733543819332486 0.00000000013311640271976917 -3.3082389258669225 0.00000200674033676637
1 0.0000000013185040644470188 -0.0000032482216748155006 0.00000000013311607171735382 4.100387523928394 -0.00000005149251952873271
1 0.0000000008212111098559668 -0.000009774301114129748 0.0000000001331157407275718 2.8897076240070017 -0.000002680651623961486
1 0.00000000032396799606588915 -0.000012393502111318686 0.0000000001331154097726115 2.7080813838574036 -0.00000433772573896154