50000 0.05310676662471371 0.0002622619714541312 0.00000650418688204524 0 0 0 0.05310676662471371 0.0002622619714541312 0.00000650418688204524
100000 0.05310676662471371 0.0002622619714541312 0.00000650418688204524 0 0 0 0.05310676662471371 0.0002622619714541312 0.00000650418688204524
150000 0.05310676662471371 0.0002622619714541312 0.00000650418688204524 0 0 0 0.05310676662471371 0.0002622619714541312 0.00000650418688204524
200000 0.05310676662471371 0.0002622619714541312 0.00000650418688204524 0 0 0 0.05310676662471371 0.0002622619714541312 0.00000650418688204524
250000 0.0532278342625274 0.00007723090142934488 0.000014722108652990848 -0.00001330395492258026 0.00004036800087774212 -0.00012244264763339055 0.05321453030760482 0.00011759890230708699 -0.0001077205389803997
300000 0.05354237177871546 -0.0004328915667455723 0.00004690096601577346 -0.000042583048229439914 0.000022960106293654244 -0.00006964169994578955 0.05349978873048602 -0.00040993146045191807 -0.000022740733930016095
350000 0.05350862730437843 -0.0004129408684198798 0.00005779537197608893 0.00003678412016548687 -0.000055325211353522225 0.00016781027575574623 0.053545411424543915 -0.00046826607977340203 0.00022560564773183516
400000 0.05347008967342273 -0.000387856368519473 0.00006951732212045141 0 0 0 0.05347008967342273 -0.000387856368519473 0.00006951732212045141
450000 0.05347008967342273 -0.000387856368519473 0.00006951732212045141 0 0 0 0.05347008967342273 -0.000387856368519473 0.00006951732212045141
500000 0.05347008967342273 -0.000387856368519473 0.00006951732212045141 0 0 0 0.05347008967342273 -0.000387856368519473 0.00006951732212045141
550000 0.05347008967342273 -0.000387856368519473 0.00006951732212045141 0 0 0 0.05347008967342273 -0.000387856368519473 0.00006951732212045141
600000 0.05347008967342273 -0.000387856368519473 0.00006951732212045141 0 0 0 0.05347008967342273 -0.000387856368519473 0.00006951732212045141
650000 0.05347008967342273 -0.000387856368519473 0.00006951732212045141 0 0 0 0.05347008967342273 -0.000387856368519473 0.00006951732212045141
700000 0.05347008967342273 -0.000387856368519473 0.00006951732212045141 0 0 0 0.05347008967342273 -0.000387856368519473 0.00006951732212045141
750000 0.0538383866003147 -0.0006353598880861781 0.00006951732212045141 0 0 0 0.0538383866003147 -0.0006353598880861781 0.00006951732212045141
800000 0.054059273609857524 -0.0007861285943784333 0.00006892913480807951 0.00041541689452711486 -0.00006066222270227849 0.00018399829066315595 0.05447469050438464 -0.0008467908170807117 0.00025292742547123546
850000 0.053909354726189636 -0.0007328453776842213 0.000056564390107359064 0 0 0 0.053909354726189636 -0.0007328453776842213 0.000056564390107359064
900000 0.053909354726189636 -0.0007328453776842213 0.000056564390107359064 0 0 0 0.053909354726189636 -0.0007328453776842213 0.000056564390107359064
950000 0.05611377905652719 -0.0008011187347173586 0.000056564390107359064 0 0 0 0.05611377905652719 -0.0008011187347173586 0.000056564390107359064
1000000 0.05904213001337227 -0.0008918128663519889 0.000056564390107359064 0 0 0 0.05904213001337227 -0.0008918128663519889 0.000056564390107359064
1050000 0.05904213001337227 -0.0008918128663519889 0.000056564390107359064 0 0 0 0.05904213001337227 -0.0008918128663519889 0.000056564390107359064
1100000 0.0582610581921248 -0.0015287460305428435 0.00010351870535924079 -0.00002024070676368071 -0.00003374091783603004 0.00010234163752464187 0.05824081748536112 -0.0015624869483788736 0.00020586034288388267
1150000 0.05809466732941804 -0.0015377182001459926 0.00015711003952681278 -0.0001432204972251425 0.00009486206362806178 -0.0002877319158252246 0.057951446832192895 -0.0014428561365179308 -0.0001306218762984118
1200000 0.05796227298659805 -0.0015308412973122072 0.00022193578401547075 -0.00010415419575799513 0.00009602497804346731 -0.0002912592225260047 0.05785811879084005 -0.00143481631926874 -0.00006932343851053397
1250000 0.05777397630341099 -0.00152395108101068 0.000369281609048401 0 0 0 0.05777397630341099 -0.00152395108101068 0.000369281609048401
1300000 0.05772340476300419 -0.0015372881062983223 0.0004075949410975971 0.00012515183549724744 -0.00008081759145650462 0.00024513276996940145 0.05784855659850143 -0.001618105697754827 0.0006527277110669985
1350000 0.05750965759791177 -0.0015527682483171001 0.000495716193980423 -0.00009342444528020316 0.00002814765302875472 -0.00008537636460979784 0.057416233152631564 -0.0015246205952883455 0.00041033982937062514
1400000 0.056950250813618465 -0.0014639190637726063 0.0004929576375651828 0 0 0 0.056950250813618465 -0.0014639190637726063 0.0004929576375651828
1450000 0.058138173374515496 -0.0017834935895482242 0.0004701514054936084 -0.00008709726560267811 0.000059419161333280924 -0.0001802278853450517 0.058051076108912816 -0.0017240744282149432 0.0002899235201485567
1500000 0.058460752264568434 -0.0019192005909955056 0.0006392550703625751 0.00005687512656375871 0.00010119049493725 -0.00030692706713355937 0.05851762739113219 -0.0018180100960582556 0.0003323280032290157
1550000 0.058387966345557894 -0.0019407311687164822 0.0007930417717723555 0 0 0 0.058387966345557894 -0.0019407311687164822 0.0007930417717723555
1600000 0.058387966345557894 -0.0019407311687164822 0.0007930417717723555 0 0 0 0.058387966345557894 -0.0019407311687164822 0.0007930417717723555
1650000 0.05765849021660256 -0.0017115446101147076 0.0014569479296882384 -0.00014909163549304012 0.00019658943047422105 -0.0005962874019177868 0.057509398581109525 -0.0015149551796404866 0.0008606605277704515
1700000 0.057648425399250976 -0.0017084044028235568 0.0014661659739217717 0 0 0 0.057648425399250976 -0.0017084044028235568 0.0014661659739217717
1750000 0.057648425399250976 -0.0017084044028235568 0.0014661659739217717 0 0 0 0.057648425399250976 -0.0017084044028235568 0.0014661659739217717
1800000 0.061288601981855186 -0.0042243459099446075 0.0014661659739217717 0 0 0 0.061288601981855186 -0.0042243459099446075 0.0014661659739217717
1850000 0.06086886456148823 -0.004239120279384582 0.0019385527702715103 0.0003721912439656448 -0.00030544361564382023 0.0009264596757072942 0.06124105580545388 -0.004544563895028403 0.0028650124459788043
1900000 0.05703333505508993 -0.0024065792792401 0.002984147928272575 -0.0007921521717020656 -0.0004363012467645181 0.0013233719445604898 0.056241182883387864 -0.0028428805260046182 0.004307519872833065
1950000 0.06960328572897657 -0.0027051601565230665 0.005305882856620102 0 0 0 0.06960328572897657 -0.0027051601565230665 0.005305882856620102
2000000 0.07728748933080556 -0.0009882294648888225 0.007164019806719587 0.00041077331870326557 -0.0002363745937351724 0.0007169622091977236 0.07769826264950883 -0.001224604058623995 0.00788098201591731
2050000 0.07142902430249501 -0.0025712200223623432 0.008557243270778139 -0.00048278397183773797 -0.000025864504828527568 0.00007845120843419624 0.07094624033065727 -0.0025970845271908708 0.008635694479212334
2100000 0.06376348285144463 -0.00199359934407446 0.008446586003458345 0 0 0 0.06376348285144463 -0.00199359934407446 0.008446586003458345
2150000 0.06754486368749157 -0.005761608035348029 0.00821663213784735 -0.0002042452406182943 0.000029919828316264258 -0.00009075165765267827 0.06734061844687328 -0.0057316882070317645 0.00812588048019467
2200000 0.07270876171720388 -0.013876313905398927 0.007524693565182904 0.00044573524652104875 -0.0007179220009959602 0.0021775730451065213 0.07315449696372492 -0.014594235906394887 0.009702266610289424
2250000 0.08310001850952628 -0.01876287818552515 0.008939730802865007 -0.00024970448787037616 -0.0002701136216935825 0.0008192981144191811 0.08285031402165591 -0.019032991807218732 0.009759028917284189
2300000 0.10734531087209004 -0.025667306432775965 0.010321408439606751 0 0 0 0.10734531087209004 -0.025667306432775965 0.010321408439606751
2350000 0.11438065409665951 -0.01763804627652975 0.011788647452062411 0.0010006731504923988 -0.0012773413577950553 0.0038743820446727373 0.11538132724715192 -0.018915387634324807 0.015663029496735148
2400000 0.12102847957121766 -0.019501864624891212 0.02445885157375052 -0.000965059803677474 0.0000953975445533797 -0.000289356115706995 0.12006341976754019 -0.019406467080337834 0.024169495458043526
2450000 0.12010414375481446 -0.017012220701387887 0.025413514824200453 -0.00000026983133408523253 -0.0003216037282085053 0.0009754758995838789 0.12010387392348038 -0.01733382442959639 0.026388990723784332
2500000 0.12562997375211193 -0.015918930992202342 0.028437444576507317 -0.001049372419110765 -0.0003944723255655934 0.0011964980903224215 0.12458060133300117 -0.016313403317767934 0.029633942666829737
2550000 0.09655483589640919 -0.027311540922885586 0.03885756045595548 0.000493966338343959 -0.0011414039700756906 0.003462062055998187 0.09704880223475315 -0.028452944892961275 0.04231962251195367
2600000 0.12410325008642513 -0.02604176758620062 0.035975915634746454 -0.00463844080460381 -0.0008235649966868673 0.0024980052640685875 0.11946480928182132 -0.026865332582887487 0.038473920898815045
2650000 0.15695808186991742 -0.02857055800239259 0.03776881710608925 -0.0011232583252385982 0.0017738345740882 -0.0053803259262899285 0.1558348235446788 -0.02679672342830439 0.03238849117979932
2700000 0.14104288148840372 -0.0372734224246482 0.030699147755362907 -0.00009009759743552218 -0.00012480907918907034 0.0003785660367695128 0.1409527838909682 -0.03739823150383727 0.03107771379213242
2750000 0.1470087988172823 -0.026995193992779408 0.03832087325556612 -0.000936253705299262 -0.0007782681269879162 0.002360612563542113 0.14607254511198303 -0.027773462119767323 0.040681485819108236
2800000 0.15274229652857937 -0.02670170633525535 0.05948753188668413 -0.00035539693865170027 0.0013037094319359483 -0.0039543606599274595 0.15238689958992768 -0.0253979969033194 0.055533171226756675
2850000 0.2203999163459823 -0.042893146393627235 0.06447596823459721 -0.0020294005631545918 0.0007979525877782046 -0.0024203187031575663 0.2183705157828277 -0.04209519380584903 0.06205564953143965
2900000 0.2318104765939804 -0.046109821426419915 0.06268570177902946 -0.00014405479034341174 0.00085647446009113 -0.0025978249664019753 0.231666421803637 -0.04525334696632879 0.060087876812627485
2950000 0.27389966394871634 -0.10095321630107126 0.07358871605220355 0.002040929980058992 0.0003507605899270252 -0.001063913356675387 0.27594059392877535 -0.10060245571114423 0.07252480269552816
3000000 0.2375906381041866 -0.08186873677168247 0.11634405505725204 0.0019897268995887245 0.00176704414516434 -0.005359729461814837 0.23958036500377533 -0.08010169262651813 0.1109843255954372
3050000 0.2743575259736699 -0.09438656562207456 0.14916736762587843 0.00030068782424028345 0.000011867785627838099 -0.000035996905029286484 0.2746582137979102 -0.09437469783644672 0.14913137072084914
3100000 0.4340222046579556 -0.07500182096075539 0.10496212762150418 -0.0038592662427295436 -0.0036444901201140366 0.011054325452775616 0.43016293841522607 -0.07864631108086942 0.1160164530742798
3150000 0.4395612531517672 -0.04260386238057598 0.1414472585479998 0.004098887720688975 0.00046015603733847197 -0.0013957273660107656 0.44366014087245614 -0.04214370634323751 0.14005153118198904
3200000 0.4021043728046685 -0.05961992961392364 0.15510295735308652 0.0054084081667863946 -0.0012949287859648749 0.003927727546638439 0.4075127809714549 -0.06091485839988852 0.15903068489972497
3250000 0.4065366587930766 -0.10568086459091214 0.18329924271929257 -0.0013444926798740753 -0.0005849315929078632 0.0017741917202430712 0.4051921661132025 -0.10626579618382 0.18507343443953564
3300000 0.3783051258466639 -0.08354946955019817 0.23346675215343027 -0.001221435644774008 0.005629202826811542 -0.017074278715650423 0.3770836902018899 -0.07792026672338663 0.21639247343777984
3350000 0.4169409038301818 -0.12572421481678903 0.2729211146703923 0.003221706751386142 -0.006110740502007136 0.01853486003263778 0.42016261058156795 -0.13183495531879616 0.2914559747030301
3400000 0.6042293908904467 -0.22922431319057276 0.23887848429295858 -0.00000397368235578254 -0.0002524511778995094 0.000765725077984415 0.6042254172080909 -0.22947676436847228 0.239644209370943
3450000 0.6166068231076375 -0.12813984307649973 0.2254901627649005 0.00292834992882723 -0.0006219388410848313 0.0018864406637103274 0.6195351730364647 -0.12876178191758456 0.22737660342861082
3500000 0.7259686817901881 -0.17729739301916161 0.2818573402726227 -0.005702370687017983 0.001927737565732011 -0.005847138484896358 0.7202663111031702 -0.1753696554534296 0.27601020178772634
3550000 0.8469790590946783 -0.31819228810385874 0.3886014822084741 0.006206418896472132 0.0005437328691615663 -0.0016492293563675825 0.8531854779911504 -0.3176485552346972 0.38695225285210655
3600000 0.9664108570649725 -0.15218708372642292 0.16661642317617914 0.001598366955195218 0.0012743827942983323 -0.003865408245132087 0.9680092240201678 -0.15091270093212458 0.16275101493104704
3650000 0.9930624929552848 -0.15654652908843777 0.2929303121385211 -0.00972279488798827 0.0010166739539949976 -0.0030837358303687995 0.9833396980672966 -0.15552985513444278 0.2898465763081523
3700000 1.1455450301453667 -0.3006555050421344 0.3223716509493405 0.0054899094869437165 0.001018116800125862 -0.0030881122150434818 1.1510349396323103 -0.29963738824200853 0.31928353873429705
3750000 0.9385894113708846 -0.36195313167176574 0.5116486453066853 -0.0076208802094228836 0.005595605983722233 -0.016972374080034092 0.9309685311614617 -0.3563575256880435 0.4946762712266512
3800000 1.546914903406003 -0.33140128109231826 0.4556509143519207 0.0051939772309651045 -0.008846710805037307 0.026833498569729115 1.552108880636968 -0.34024799189735555 0.4824844129216498
3850000 1.2945809098903087 -0.21191785253704787 0.5597237288055882 0.001540023338245764 0.006277589309378823 -0.01904093933517539 1.2961209332285544 -0.20564026322766904 0.5406827894704128
3900000 0.8196741943467195 -0.2343944154625224 0.8175085780269488 0.003984687509191897 0.004238936189345309 -0.012857376111944508 0.8236588818559114 -0.2301554792731771 0.8046512019150043
3950000 0.7563875882169933 -0.3333545187028561 0.8137487222026665 -0.0013607109147694971 0.0013079542654516807 -0.003967235923579888 0.7550268773022237 -0.33204656443740443 0.8097814862790866
4000000 1.3850547832740123 -0.4031752121556667 0.8563689156328833 0.017508298848680392 -0.0037983393438278607 0.011520974924591526 1.4025630821226927 -0.40697355149949455 0.8678898905574748
4050000 1.143577541280615 -0.4537541557095499 1.168082017603919 0.001868040152568336 0.005469679424824334 -0.01659041854734611 1.1454455814331834 -0.44828447628472556 1.1514915990565728
4100000 1.1624395234260692 -0.3934268599942736 1.0648510392415491 0.0016088748158762 -0.01137083691128666 0.03448957954202575 1.1640483982419454 -0.4047976969055603 1.0993406187835748
4150000 1.474809760262796 -0.5776774745709242 1.0076111523286497 0.0007733123837451735 -0.0020120551014344485 0.0061028871494040945 1.4755830726465413 -0.5796895296723586 1.0137140394780537
4200000 1.3304455247542484 -0.48022592165500866 1.1239450950816223 -0.00042233433070265283 0.0044954114745513534 -0.013635306955442203 1.3300231904235458 -0.4757305101804573 1.11030978812618
4250000 1.4076604307158254 -0.834984660866454 1.5003469125482554 0.004330979005944009 0.0018724738618927953 -0.0056795147713369154 1.4119914097217694 -0.8331121870045611 1.4946673977769185
4300000 1.342919531638983 -0.2991019471184658 1.7660792874294706 0.004999723091941916 0.005512083742796888 -0.01671903767266157 1.3479192547309249 -0.29358986337566895 1.749360249756809
4350000 1.1934411214816616 -0.6041118058287805 1.6320833900885938 -0.00788453232353641 0.011046772006499828 -0.03350663849752493 1.1855565891581252 -0.5930650338222807 1.598576751591069
4400000 2.231304031353015 -0.3944948113039103 1.3474488380311658 0.00614434503833307 -0.0063988308537479425 0.019408684464311182 2.237448376391348 -0.4008936421576582 1.3668575224954769
4450000 2.6766779555521896 -0.6949108785923553 1.2563769204786792 -0.006819334340523071 0.0038712945292055634 -0.011742259750740969 2.6698586212116666 -0.6910395840631498 1.2446346607279382
4500000 2.9518932071930224 -0.7239128668263264 1.7923972870072726 -0.00747111402870048 -0.010741243258193084 0.03257992060073977 2.944422093164322 -0.7346541100845194 1.8249772076080124
4550000 3.1157079485554173 -1.2461905478389208 1.8094409280638284 0.016430021268500655 -0.010221162533262735 0.031002432006831126 3.132137969823918 -1.2564117103721835 1.8404433600706596
4600000 2.0636338700005257 -0.13647332015355954 1.7166894036747733 0.0017987566740177998 -0.005910291269883945 0.01792686523072578 2.0654326266745433 -0.14238361142344347 1.7346162689054991
4650000 1.6602448581955336 -0.06410533966215416 2.138489425120726 0.0014561257484257194 -0.004015406074856815 0.01217937327681123 1.6617009839439594 -0.06812074573701098 2.1506687983975374
4700000 2.2357662424561258 -0.32959184448509465 2.310399883682589 -0.01401701585277355 -0.000761238351973932 0.0023089585134042443 2.221749226603352 -0.3303530828370686 2.3127088421959936
4750000 2.108572027614255 -0.48472028251378607 2.5652342104282773 -0.009922874924556077 0.0005350357119608208 -0.001622849477964038 2.098649152689699 -0.48418524680182523 2.563611360950313
4800000 2.5762753227475144 -0.8806844581539303 2.408893046047345 -0.013969889676350957 -0.0022977896855776656 0.006969566158574799 2.562305433071163 -0.882982247839508 2.41586261220592
4850000 2.1543743196546976 -0.41825900504415886 1.9586235841976862 0.015685331009380094 -0.010491075826056828 0.031821122491436545 2.170059650664078 -0.4287500808702157 1.9904447066891229
4900000 2.5809449378456875 -0.8513215289911948 2.0951924206330546 -0.009568277917860947 0.006309813050781418 -0.01913867913224729 2.5713766599278265 -0.8450117159404135 2.0760537415008073
4950000 2.4913928989786656 -1.4154718050672455 2.5493091054828696 0.014030807108236485 0.010651999541815815 -0.03230923003692147 2.5054237060869022 -1.4048198055254297 2.516999875445948
5000000 2.6148687012326772 -1.063425140827243 2.203864695944335 -0.009975091349303333 0.017193875326598683 -0.05215179281340044 2.6048936098833737 -1.0462312655006443 2.1517129031309343
5050000 1.7498583280964488 -1.4283429616295635 2.78547951753758 -0.01057184818678762 0.007862721753805344 -0.02384890131310461 1.7392864799096612 -1.420480239875758 2.7616306162244753
5100000 3.6072419545999086 -1.2540236235196542 2.21338639920211 -0.010629543273835893 -0.006377479677870708 0.019343922909423328 3.5966124113260727 -1.2604011031975249 2.232730322111533
5150000 3.7854805603583603 -1.5365816780652013 3.0566108739622706 0.00874641506887435 -0.02301998816985902 0.06982333131985596 3.7942269754272346 -1.5596016662350602 3.1264342052821266
5200000 5.351199866987832 -1.9089108168039772 2.7166394833401966 -0.015504835760582297 -0.0016730826589399896 0.005074729142285736 5.3356950312272495 -1.9105838994629172 2.7217142124824822
5250000 5.544972223102204 -1.6542534164560134 2.548075217418472 0.021359181276937828 -0.001690869743295192 0.005128680233615751 5.566331404379142 -1.6559442861993086 2.5532038976520877
5300000 4.492092808692825 0.007904876120691613 3.1199319431407186 -0.006752759904186582 0.024110618884739293 -0.07313138991618462 4.485340048788639 0.032015495005430904 3.046800553224534
5350000 3.658612329872771 0.026680940886833506 3.2519899670937567 -0.003972417752288756 -0.012460340575734545 0.03779421961288907 3.6546399121204822 0.01422060031109896 3.2897841867066457
5400000 3.430560860931267 -0.11241410443057291 2.4717098703332696 0.011552616080072832 -0.0011900732829299239 0.0036096839197212486 3.4421134770113397 -0.11360417771350284 2.475319554252991
5450000 2.9884773464628624 -0.2685193920969902 2.798664647193626 0.01089222258898602 0.02361874838752736 -0.07163946748599949 2.9993695690518485 -0.24490064370946285 2.7270251797076264
5500000 3.609985513148153 -1.0433330368892042 2.6262825051443404 -0.0009176802100033755 -0.006958918565567723 0.021107520692289838 3.6090678329381496 -1.0502919554547718 2.6473900258366303
5550000 3.7571873805120166 -0.904128493724629 2.5861115944088207 -0.010644242368260263 0.0016319151372048053 -0.004949861419134646 3.7465431381437564 -0.9024965785874242 2.581161732989686
5600000 3.5004902877997948 -0.2777632380994968 2.4641433589518065 0.013541024881295306 0.017935892393020472 -0.05440245007227743 3.51403131268109 -0.25982734570647636 2.409740908879529
5650000 3.447058907531334 -0.8558756505805276 2.3160473400800394 -0.0002138763430281069 -0.017382486442191553 0.05272388070143332 3.446845031188306 -0.8732581370227191 2.368771220781473
5700000 3.850606010417773 -0.6946491599223094 2.9757304799561983 -0.009485481037514305 -0.00046262375192892565 0.0014032123417722748 3.8411205293802584 -0.6951117836742383 2.9771336922979708
5750000 3.498882745079349 0.3659109870445008 2.3244345635055184 -0.02037526182310617 0.01551833837149318 -0.047069619395599234 3.4785074832562426 0.381429325415994 2.277364944109919
5800000 2.574856188628597 -0.7805034212760631 3.324002642052758 0.011506080270854733 -0.005638891378693962 0.017103874634316344 2.586362268899452 -0.7861423126547571 3.3411065166870744
5850000 2.205536388884125 -1.223877986040681 4.735120137167093 -0.011519828119481317 0.017633945150725326 -0.05348659546000108 2.1940165607646436 -1.2062440408899557 4.681633541707092
5900000 2.1708493368361363 -0.24644259723443737 3.9948406165647175 0.02107251610699173 -0.017540323664845817 0.053202626416272054 2.191921852943128 -0.2639829208992832 4.04804324298099
5950000 2.3095049835668195 -0.45227213498992963 3.047241618619411 -0.03272368993819597 0.01131187789744337 -0.034310747358120584 2.2767812936286234 -0.44096025709248626 3.01293087126129
6000000 3.4653159643367366 -0.47815367716738827 1.9225298188750537 -0.0026250328375971473 0.011760176317884542 -0.035670508662498976 3.4626909314991394 -0.4663935008495037 1.8868593102125548
6050000 3.3511715875022308 -0.8288465944950489 2.4350525017372644 0.027618809570596776 -0.0037379476693214396 0.011337797250175747 3.3787903970728275 -0.8325845421643704 2.44639029898744
6100000 3.874011483266345 0.4253801041215681 1.645371380424876 0.008881933050937643 0.006628467956486917 -0.020105210778293737 3.8828934163172826 0.43200857207805504 1.6252661696465822
6150000 2.832566896377247 -0.4710127144091641 2.131580927620138 0.0034191064693420534 -0.0005971347692073936 0.001811205919191943 2.835986002846589 -0.4716098491783715 2.13339213353933
6200000 2.72764982003762 0.19182823820996825 2.4184853237848905 0.02380797523420036 0.002597090483687177 -0.00787739367944409 2.75145779527182 0.19442532869365542 2.410607930105446
6250000 1.7317042139845367 0.08781814327503439 2.6786073883211503 0.008312960282843364 -0.0022500831893323492 0.006824864672680303 1.74001717426738 0.08556806008570203 2.685432252993831
6300000 2.7226344934902906 -0.42607822554661845 1.9843301118653554 -0.02810124266723839 0.006463135300888252 -0.019603730208249064 2.6945332508230524 -0.4196150902457302 1.9647263816571063
6350000 2.191227427072594 -0.3825066747509868 1.7199660489552409 0.018212202896100035 -0.016178785090293732 0.04907286065383147 2.2094396299686943 -0.39868545984128057 1.7690389096090724
6400000 2.018169068071937 -0.6005303250156664 2.1811040889325284 -0.0013236557315386365 0.023928614862313964 -0.0725793857615276 2.0168454123403983 -0.5766017101533524 2.1085247031710006
6450000 1.8588750494496025 -0.9242660196569882 2.813284722190555 0.0029830402424588613 -0.01136696027815435 0.03447782108943107 1.8618580896920613 -0.9356329799351425 2.847762543279986
6500000 1.7130719344064913 -0.35147345757755666 2.472321037503686 -0.005398081831978448 0.002956804698201929 -0.008968464821410532 1.7076738525745128 -0.34851665287935474 2.4633525726822754
6550000 1.73706682966921 -0.07277829982847481 1.6592436502624637 0.014807201245106705 0.00008250037801691021 -0.0002502369326072099 1.7518740309143168 -0.0726957994504579 1.6589934133298565
6600000 2.875050927274007 -0.24231280026919577 1.4799415200770774 0.015656064122625078 -0.014884874288202326 0.045148220816220004 2.8907069913966317 -0.2571976745573981 1.5250897408932973
6650000 2.4139140229921523 -0.15834659804193005 1.7108050637062209 -0.016125650997138457 -0.004519900602878298 0.013709586425453116 2.3977883719950137 -0.16286649864480834 1.724514650131674
6700000 3.008295272048857 -0.609741047662119 1.5027896542236197 0.011910359298181246 -0.012889274085305637 0.03909524402402196 3.0202056313470385 -0.6226303217474246 1.5418848982476416
6750000 3.5458777809706414 -1.2671634632299529 1.4347125270573349 -0.015079059065194186 -0.0065111589782147605 0.019749393755441706 3.5307987219054473 -1.2736746222081676 1.4544619208127765
6800000 3.086380477873656 -0.673025454350874 2.145969612966723 0.010996704988684495 0.02756076404277677 -0.08359623580114979 3.09737718286234 -0.6454646903080973 2.0623733771655735
6850000 2.5894063306295214 -0.866700883641578 2.551764260622217 -0.003671417551013317 0.010648713352152473 -0.03229926249445556 2.585734913078508 -0.8560521702894256 2.5194649981277615
6900000 1.1873435293855374 -0.2799164179139524 2.5617332007823417 0.005409931002153718 -0.0037097830376424715 0.011252369386586294 1.1927534603876913 -0.28362620095159485 2.572985570168928
6950000 2.0814841898234406 -0.4481173464615879 2.2360107215471023 0.004680892547107548 -0.004351553520170368 0.013198962612534268 2.086165082370548 -0.45246889998175827 2.2492096841596365
7000000 2.8950755396026886 -0.7496686522305946 2.0981703402894736 -0.000559010746142591 -0.03335997989123126 0.1011861913907946 2.894516528856546 -0.7830286321218259 2.199356531680268
7050000 2.3083799160674454 -0.496781369821434 2.205818764313187 0.0018639706814831628 0.02828223908139414 -0.08578458578155224 2.3102438867489288 -0.46849913074003985 2.1200341785316343
7100000 2.7165846709161223 -0.25760398545671714 1.8090936403230187 -0.020085764895769173 -0.011752528646537967 0.035647312043703756 2.696498906020353 -0.2693565141032551 1.8447409523667224
7150000 2.857947426741058 -0.5496500558751382 2.583384330232806 0.002481061370307005 0.009128010955622082 -0.027686727227783113 2.860428488111365 -0.540522044919516 2.555697603005023
7200000 3.268132927347606 -0.5453144098085062 1.806557814594044 0.003430560279550041 0.001811881024235388 -0.0054957269366886245 3.271563487627156 -0.5435025287842709 1.8010620876573553
7250000 3.7764637600003885 -0.7295352487112229 1.985372791969969 0.01534762316714481 0.004534314191032831 -0.013753305159528639 3.7918113831675333 -0.7250009345201901 1.9716194868104404
7300000 3.0836072982579776 -0.9634082566926463 2.06555665333436 -0.01306187548023879 0.011246672347456275 -0.034112968424133264 3.0705454227777387 -0.95216158434519 2.0314436849102266
7350000 2.063301167109239 -0.2405591476455572 2.0278960816241445 0.0023198671407429175 -0.007334302637964189 0.02224612103672551 2.0656210342499817 -0.2478934502835214 2.05014220266087
7400000 2.6567200789999283 -1.0311772186259283 2.5134856739986553 0.007806151984571089 0.00932978442816986 -0.02829873866416216 2.6645262309844995 -1.0218474341977584 2.485186935334493
7450000 3.0944092875716787 -0.32125398532561805 2.420349270471161 -0.0008859202910195775 -0.024373642089336196 0.07392918165369201 3.093523367280659 -0.34562762741495423 2.494278452124853
7500000 3.0830326943836117 -0.6391452318536338 2.216756246691289 0.018337935497950264 -0.016610888901751157 0.05038350110113935 3.101370629881562 -0.6557561207553849 2.267139747792428
7550000 3.652257944292985 -0.7643129305997797 1.8284838842793314 -0.011814247881093571 0.0050312712280133134 -0.015260655883985431 3.640443696411891 -0.7592816593717664 1.813223228395346
7600000 4.2015514610004425 -0.8076290856466162 1.8494924857500947 -0.02592674805166947 -0.02804175654316782 0.08505516351515874 4.175624712948773 -0.835670842189784 1.9345476492652534
7650000 4.580272978310685 -1.7054904146952101 1.7998401818394447 0.011021210743266488 -0.005820664059530162 0.01765501146791629 4.591294189053952 -1.7113110787547403 1.817495193307361
7700000 4.6896109281792775 -0.9553485748461839 2.1760397578855857 -0.004020263527288169 0.012995016280904497 -0.03941597713228039 4.685590664651989 -0.9423535585652794 2.1366237807533053
7750000 3.2706694728698897 -0.6178496154411343 2.1722148707000515 0.005013489207779227 -0.0245343880592873 0.07441675006751398 3.275682962077669 -0.6423840035004216 2.2466316207675656
7800000 2.736103532758214 -0.530301060767888 2.879441174489865 -0.028015535370649058 0.012363916219446134 -0.037501749011829316 2.708087997387565 -0.5179371445484419 2.841939425478036
7850000 3.1276678082012768 -0.499676216096594 2.705903145712143 0.0129002893118898 -0.01247525879076516 0.03783956750176944 3.1405680975131665 -0.5121514748873591 2.7437427132139125
7900000 2.97404282125253 -0.3680235696709223 2.8720923312655593 -0.019571959941262873 0.024580449306089186 -0.07455646124689326 2.954470861311267 -0.34344312036483315 2.797535870018666
7950000 5.590911123708435 -1.1656651414356674 1.736648620056082 -0.0076671819684786926 -0.005403156803285864 0.016388644723238265 5.583243941739956 -1.1710682982389533 1.7530372647793202
8000000 5.441983872587056 -1.0617927758088856 1.6705778589880873 -0.0027711841917006344 -0.008656357065111905 0.026256125021457497 5.439212688395356 -1.0704491328739976 1.6968339840095448
8050000 3.353849243182061 0.4163314581315636 2.723180320459768 -0.0067019125533374704 0.003615026350181589 -0.010964957093646088 3.3471473306287236 0.41994648448174515 2.712215363366122
8100000 1.970181628440416 0.6636349096333901 2.78627017414143 -0.01466795063015809 0.023560238436827197 -0.07146199738292279 1.955513677810258 0.6871951480702173 2.7148081767585075
8150000 1.8807594054820262 -0.22625488482432005 1.850838709339553 0.018876899280845634 0.0017237868160097322 -0.005228523016211995 1.899636304762872 -0.2245310980083103 1.8456101863233412
8200000 2.1232186246848337 -0.2252436811333813 2.49637205807963 -0.0002835150723797784 0.002258133608930679 -0.0068492828917845455 2.122935109612454 -0.22298554752445063 2.4895227751878455
8250000 2.412647402333862 -0.7603454778536819 3.1129470051071486 0.0042410722268088116 -0.017319509811491933 0.05253286243859455 2.416888474560671 -0.7776649876651738 3.165479867545743
8300000 2.991773620165542 -0.5048832990548345 2.123960855682488 0.01975292124296691 0.015212167358907217 -0.04614095340782177 3.0115265414085086 -0.4896711316959273 2.077819902274666
8350000 2.5913361014606595 0.27420436710629076 2.2657121948171324 -0.014252872892403387 -0.011147863055003825 0.03381326392761054 2.5770832285682563 0.26305650405128694 2.299525458744743
8400000 1.8287283702775943 -0.3223433839418253 1.8822051576141159 0.01446704055700793 -0.0013147320966942614 0.003987794177258296 1.8431954108346023 -0.32365811603851957 1.8861929517913743
8450000 1.784715942337647 -0.4993024281864464 2.2291917937994294 -0.010562714584550686 0.008175855440391013 -0.024798686212408196 1.7741532277530965 -0.49112657274605537 2.204393107587021
8500000 2.0218038034045915 -0.17292113508201523 1.688098422534699 -0.005613978894320642 0.0029731992631819204 -0.009018192177219816 2.016189824510271 -0.1699479358188333 1.6790802303574792
8550000 2.5131839967629928 -0.22933394340931987 1.522062832752284 0.021149452040004506 0.010137123082195188 -0.030747774028179208 2.534333448802997 -0.21919682032712468 1.4913150587241049
8600000 2.491308234283947 -0.45525010831897567 1.6814793424682182 -0.015670030319492902 -0.006423337142272882 0.019483015983965627 2.475638203964454 -0.46167344546124855 1.7009623584521838
8650000 1.639977355104186 -0.422161846332264 1.8965541890645783 0.01566030345685495 -0.013667057201064724 0.04145438547039949 1.655637658561041 -0.4358289035333287 1.9380085745349778
8700000 2.1330377445847457 -0.35003730555453544 1.679765412374482 0.015102132172787719 0.0037430507440921715 -0.011353275697767154 2.1481398767575333 -0.3462942548104433 1.6684121366767148
8750000 2.1579551784105138 -0.32537686663960347 1.6765575082993138 -0.0072178649463642145 0.0004904081854880234 -0.0014874870032358218 2.1507373134641496 -0.32488645845411546 1.675070021296078
8800000 2.068943476954528 -0.7132263190133868 2.2602665386876057 -0.01716122868213659 0.012994119102820292 -0.039413255846667085 2.0517822482723913 -0.7002321999105665 2.2208532828409386
8850000 1.7313646363273794 -0.6380915792475035 2.3168541475090425 -0.00011084553674716481 -0.009898867383341982 0.030024858913845064 1.7312537907906322 -0.6479904466308455 2.3468790064228875
8900000 1.1611762853315926 -0.29039096229002787 2.1407263680664474 0.0017461233572660477 0.0049052597134652326 -0.014878442667128875 1.1629224086888585 -0.28548570257656264 2.1258479253993188
8950000 1.7344426661658798 -0.4897797733533343 2.704407140777448 -0.014210716304308237 0.010045222650370042 -0.03046877800818705 1.7202319498615717 -0.4797345507029642 2.673938362769261
9000000 1.646204589912577 -0.6370153820738768 2.869754699427888 0.019307508403526272 -0.007328780969270977 0.022229372926354674 1.6655120983161034 -0.6443441630431478 2.8919840723542425
9050000 2.361293927134496 -0.8739848436213126 2.3729004595730805 -0.008191303154697802 -0.0006562257212935003 0.001990438293034604 2.3531026239797983 -0.8746410693426061 2.374890897866115
9100000 3.31609162023991 -1.6045950067513286 2.3573758704940504 0.006332097498395174 0.0036601184686370796 -0.011101728750677617 3.3224237177383054 -1.6009348882826915 2.346274141743373
9150000 4.1312319879110415 -1.1804793647464122 2.580525475669256 -0.01613564137295805 0.01985448866198068 -0.06022186153192501 4.115096346538084 -1.1606248760844315 2.520303614137331
9200000 2.507621215249609 -1.3146422116650007 3.5388029827671748 0.005033353964697245 -0.013953429560584154 0.04232299895499678 2.5126545692143063 -1.3285956412255848 3.5811259817221717
9250000 3.390137769961013 -1.974424736872887 4.026034478688185 0.01337575909715837 -0.010079245639556407 0.030571975213542303 3.4035135290581713 -1.9845039825124435 4.056606453901727
9300000 3.2740569595916207 -1.9905278486368323 3.6508809743062653 0.0055757800851385835 0.004180610320186162 -0.012680464357830046 3.2796327396767593 -1.986347238316646 3.6382005099484354
9350000 3.38657549885118 -0.5919985288210718 2.778340746776865 -0.026893474948319406 -0.01690526015355124 0.05127637651418419 3.3596820239028604 -0.608903788974623 2.829617123291049
9400000 2.076506076593818 -0.3582794701923256 2.4098638804632815 -0.005986787795439746 0.02378330480856584 -0.07213859361161494 2.0705192887983785 -0.33449616538375976 2.3377252868516667
9450000 3.270816548847324 -0.7801786867189898 2.6028133304404464 0.012113844632654155 0.003916760447419452 -0.011880165202637318 3.2829303934799783 -0.7762619262715704 2.590933165237809
9500000 23027.520354782588 1574.2473949655525 25222.023521156352 -0.8018769971492377 5.5017379549818966 -16.68664658767623 23026.718477785438 1579.7491329205345 25205.336874568675
9550000 6791.775402364442 403.75547364504365 6603.141975806343 3.4194013434442443 -1.9814134944848993 6.009932956264216 6795.194803707886 401.77406015055874 6609.1519087626075
9600000 1857.001698111106 -100.43033464471993 1908.6177478910438 -0.6810301870731965 0.0955851314425431 -0.2899043646755792 1856.3206679240327 -100.33474951327739 1908.3278435263683
9650000 602.3348290340923 -15.200179971208101 552.1796308147038 -0.7836011600232532 0.14620958728929914 -0.44346962942509033 601.551227874069 -15.053970383918802 551.7361611852788
9700000 3177.535900690509 34.033299839036815 3148.723245102136 -4.789432069653175 -2.7143308211373314 8.232981316205915 3172.746468620856 31.318969017899484 3156.956226418342
9750000 986.0848073520715 -73.38236655938522 986.35038363449 -1.7807193084827542 0.7278160744441018 -2.2075862182598236 984.3040880435888 -72.65455048494111 984.1427974162301
9800000 778.188917792168 -58.09864552871099 904.8861627183912 0.7573818779238893 -0.8811352270478873 2.672626215870536 778.9462996700919 -58.979780755758874 907.5587889342618
9850000 593.5648843075489 37.490468424308624 702.948929177688 0.15922443199487882 0.00454521334291401 -0.013779843584318144 593.7241087395438 37.49501363765154 702.9351493341037
9900000 315.10710861137466 9.890937069055182 258.10246635280987 -0.22107549647041005 -0.38107833180891354 1.1558690606007707 314.88603311490425 9.509858737246269 259.25833541341063
9950000 160.96623596938184 -7.494981172777568 186.03841849189044 0.2997547302674132 -0.528103127177332 1.6018215337589212 161.26599069964925 -8.0230842999549 187.64024002564935
0 0.09027007285655719 0.00012381477968221897 0.000009069301914500035 0 0 0 0.09027007285655719 0.00012381477968221897 0.000009069301914500035
